1103
0203
0F03
1A03
2503
3303
1D03
0803
4403
1203
0603
3903
1C03
2A03
1503
4103
0703
2903
1803
3F03
0E03
2C03
1703
3803
0A03
2F03
1903
4503
0C03
3403
1B03
4003
0503
2E03
1603
3A03
0B03
3703
2003
4B03
0D03
3103
1803
3C03
0603
2D03
1403
3803
0903
3503
1F03
4203
0703
2B03
1303
3903
0403
3003
1C03
4103
0803
2C03
1703
3D03
0503
3203
1903
3E03
0A03
3603
1E03
4303
0F03
3B03
1203
3803
0603
2A03
1603
3C03
0203
2E03
1A03
4603
0B03
3703
1503
3903
0703
3303
1B03
3F03
0C03
3803
1403
4203
0603
2C03
1803
3E03

